calibration_date: 2024-04-04 11:28:42.690313
camera_matrix:
- - 1138.1978423503267
  - 0.0
  - 971.2441448419455
- - 0.0
  - 1141.7689459272738
  - 565.4810514364198
- - 0.0
  - 0.0
  - 1.0
camera_name: Logitech Webcam C930e
distortion_coefficients:
- - 0.04096192924082324
  - 0.1159292428269481
  - -0.001533123697142684
  - 0.0019265759048117926
  - -0.5035921361448278
image_size:
- 1080
- 1920
- 3
number_of_corresponding_points_used: 980
number_of_images_processed: 60
number_of_images_used: 43
projection_error: 0.20119552252354989
