calibration_date: 2024-03-14 09:24:22.127499
camera_matrix:
- - 1159.0174989584318
  - 0.0
  - 956.2066571125268
- - 0.0
  - 1158.7264349400832
  - 493.83755249784315
- - 0.0
  - 0.0
  - 1.0
camera_name: Logitech Webcam C930e
distortion_coefficients:
- - 0.08958755621749456
  - -0.18955741533827483
  - -0.006875307272035572
  - -0.004422250891779423
  - 0.07558521621577072
image_size:
- 1080
- 1920
- 3
number_of_corresponding_points_used: 492
number_of_images_processed: 60
number_of_images_used: 25
projection_error: 0.30217393305511414
